100
1176
1013
1001
-10 -16 -5 -36 -35 -11 -9 -37 -39 -21 -21 -13 -6 -39 -38 -19 -7 -35 -6 -17 -36 -28 -34 -13 -19 -16 -7 -21 -27 -29 -10 -17 -1 -6 -6 -36 -5 -13 -31 -31 -13 -39 -26 -33 -27 -33 -26 -16 -3 -8 -34 -9 -40 -31 -25 -26 -1 -26 -29 -15 -40 -6 -19 -40 -33 -5 -35 -33 -17 -36 -2 -2 -28 -34 -33 -32 -3 -23 -11 -30 -26 -18 -4 -2 -2 -16 -34 -34 -12 -12 -14 -38 -37 -23 -18 -10 -30 -4 -31 -39 
-29 -25 -2 -2 -29 -17 -26 -36 -11 -10 -5 -29 -17 -35 -1 -31 -15 -2 -15 -2 -37 -1 -4 -8 -33 -25 -36 -31 -11 -30 -24 -40 -31 -38 -13 -36 -35 -19 -27 -32 -16 -26 -19 -15 -39 -4 -27 -38 -13 -2 -6 -11 -37 -4 -23 -6 -12 -20 -36 -35 -40 -12 -1 -6 -37 -2 -27 -22 -17 -14 -16 -24 -3 -16 -12 -29 -20 -19 -24 -27 -17 -15 -8 -34 -11 -40 -32 -23 -1 -18 -2 -6 -23 -22 -11 -12 -16 -14 -36 -20 
-40 -10 -33 -19 -4 -4 -10 -26 -38 -27 -3 -2 -25 -12 -22 -31 -12 -39 -34 -35 -12 -6 -2 -8 -35 -40 -14 -21 -14 -29 -4 -1 -16 -38 -4 -29 -10 -18 -7 -2 -40 -31 -39 -20 -23 -34 -23 -13 -24 -39 -8 -19 -30 -32 -27 -22 -24 -35 -20 -13 -6 -24 -6 -17 -34 -33 -28 -16 -35 -28 -36 -30 -36 -5 -11 -25 -38 -25 -14 -3 -7 -25 -18 -27 -29 -5 -23 -8 -32 -31 -15 -37 -8 -31 -25 -30 -26 -17 -40 -19 
-13 -25 -27 -40 -4 -30 -10 -11 -2 -18 -29 -26 -39 -30 -33 -8 -1 -26 -23 -9 -37 -11 -13 -32 -30 -27 -12 -30 -6 -7 -36 -24 -40 -40 -16 -11 -21 -9 -30 -19 -6 -19 -9 -15 -20 -1 -36 -8 -27 -27 -17 -33 -22 -1 -34 -21 -21 -3 -15 -16 -2 -23 -4 -1 -33 -24 -25 -39 -5 -6 -31 -22 -6 -1 -7 -14 -27 -38 -15 -10 -21 -3 -16 -18 -38 -11 -16 -10 -3 -37 -4 -25 -16 -25 -28 -22 -22 -10 -6 -23 
30 30 13 11 3 5 35 26 7 40 36 31 14 38 12 24 8 30 7 26 38 25 19 8 32 30 6 34 6 35 35 9 37 10 34 19 13 9 28 9 10 32 6 21 31 39 5 38 34 34 10 30 31 11 25 11 22 28 38 26 23 37 30 34 22 18 36 23 15 36 37 31 13 32 11 24 6 36 30 23 29 32 12 33 32 26 34 28 23 4 32 32 29 10 16 28 26 8 23 33 
3 12 32 7 19 26 12 26 14 6 23 15 36 2 14 1 27 22 19 17 35 17 5 20 30 21 39 36 40 14 31 33 19 38 7 3 20 32 35 29 29 13 14 17 36 16 16 17 28 13 34 40 7 14 3 9 24 23 34 10 20 33 1 5 13 9 15 21 20 21 33 19 21 39 28 23 33 11 3 25 34 26 20 24 38 37 13 2 34 15 12 27 11 9 29 6 13 21 18 9 
29 12 8 3 3 25 9 40 10 17 21 25 22 37 11 17 11 13 10 16 37 11 10 30 10 34 24 38 34 2 13 39 24 5 3 37 28 20 5 11 34 35 37 15 15 29 19 4 16 33 15 26 14 20 25 33 7 28 18 3 29 36 33 26 28 28 34 29 27 28 25 40 21 13 38 24 7 14 28 14 7 4 10 8 9 13 21 5 3 17 32 8 20 10 11 23 31 34 14 20 